<!DOCTYPE html>
<html lang="en">
<head>
    <meta charset="UTF-8">
    <meta name="viewport" content="width=device-width, initial-scale=1.0">
    <title>K15 Modern</title>
    <link rel="stylesheet" href="style2.css">
    <script defer src="script.js"></script>
</head>
<body>
    <div id="main">
        <div id="left">
        <div id="text">K15 Modern
            
        </div>
        <div id="button-div"><button id="copyBtn">Copy all</button><div id="textBox"></div>
        <button id="backBtn">Back to the main page</button>
    </div>
    <div id="container">
<div id="content">Aegan:Greek_Crete,8.69,10.84,7.57,3.47,16.52,16.62,30.27,4.78,0.01,0.10,0.18,0.14,0.51,0.24,0.06
Peloponese_&_CentralGreek:GR_Peloponese,10.215,14.68875,10.57125,5.87625,15.37375,13.35875,23.97125,3.76375,1.17875,0.2175,0.16625,0.10875,0.35125,0.15625,0
Peloponese_&_CentralGreek:Central_Greek,10.06,13.12,7.23,3.39,17.29,15.74,26.95,5.24,0.16,0.21,0.04,0.12,0.43,0.02,0.00
Albania_NorthGreek_&_Macedonia:Greek_Thessaly,14.00,11.56,11.50,5.16,17.47,12.02,22.23,4.01,1.20,0.03,0.08,0.42,0.22,0.08,0.01
Albania_NorthGreek_&_Macedonia:GR_Macedonia,10.845,12.2383333333,13.4233333333,6.9733333333,15.06,14.4533333333,22.6516666667,3.1883333333,0.1866666667,0.1683333333,0.2716666667,0,0.3683333333,0.175,0
Albania_NorthGreek_&_Macedonia:Albanian-Kosovo,14.93,15.66,11.94,6.23,18.27,10.32,19.43,2.54,0.09,0.30,0.04,0.04,0.21,0.00,0.00
Albania_NorthGreek_&_Macedonia:Albanian-Macedonia,11.79,17.19,12.38,6.66,16.85,10.32,20.82,3.28,0.04,0.38,0.11,0.03,0.17,0.00,0.00
Albania_NorthGreek_&_Macedonia:Albanian-North,14.45,14.29,11.27,5.18,18.11,11.91,21.57,2.68,0.00,0.03,0.05,0.15,0.24,0.07,0.00
Albania_NorthGreek_&_Macedonia:Albanian-South,13.63,14.55,9.85,5.47,17.69,11.03,23.38,3.51,0.00,0.25,0.09,0.34,0.16,0.00,0.04
Albania_NorthGreek_&_Macedonia:Macedonian,15.415,15.55,16.2835714286,10.425,13.625,9.8878571429,16.0614285714,2.0085714286,0.21,0.1207142857,0.0114285714,0.1507142857,0.2257142857,0.0028571429,0.0207142857
Albania_NorthGreek_&_Macedonia:Macedonian_2,14.32,14.52,13.71,9.18,15.61,10.30,18.71,2.88,0.09,0.17,0.05,0.18,0.26,0.02,0.00
South_WestBalkans:Montenegrin,18.2792857143,14.8542857143,15.4714285714,11.035,13.74,9.6957142857,13.73,2.3828571429,0.0457142857,0.0985714286,0.27,0.18,0.1514285714,0.025,0.0407142857
North_WestBalkans:Bosnian,17.7286666667,14.9073333333,20.5093333333,13.186,11.1213333333,8.0553333333,10.7913333333,1.4586666667,1.4533333333,0.2746666667,0.078,0.1693333333,0.2046666667,0.022,0.0406666667
North_WestBalkans:Bosniak,16.68,16.19,21.25,13.20,11.12,8.39,10.75,1.07,0.59,0.29,0.09,0.19,0.08,0.08,0.05
North_WestBalkans:Croatian,18.41,17.52,22.74,15.17,10.17,6.69,6.25,1.29,0.72,0.02,0.02,0.44,0.24,0.16,0.16
North_WestBalkans:North_Croat,21.74,20.11,20.79,14.68,8.12,6.47,5.05,0.84,0.67,0.30,0.00,0.87,0.29,0.09,0.00
North_WestBalkans:Italy_Friuli,19.00,21.50,10.42,6.03,17.50,7.38,14.76,2.41,0.28,0.15,0.02,0.34,0.06,0.13,0.00
Central_Balkans:Serbian,18.84,17.28,15.16,12.76,11.74,8.44,12.18,2.60,0.34,0.15,0.16,0.02,0.13,0.15,0.05
Central_Balkans:South_Serbian,17.53,16.17,15.54,11.30,13.19,10.26,13.26,1.49,0.07,0.04,0.04,0.42,0.28,0.10,0.29
South_EastBalkans:Bulgarian,14.40,14.28,16.61,9.81,13.50,10.73,17.01,2.37,0.23,0.09,0.19,0.39,0.32,0.06,0.01
South_EastBalkans:Bulgarian_Thracian,7.44,15.78,16.37,6.07,14.41,11.92,22.38,2.27,2.17,0.67,0.28,0.00,0.25,0.00,0.00
North_EastBalkans:Romania_Ne,16.39,15.98,19.22,12.75,10.65,9.33,11.62,1.95,0.04,0.36,1.26,0.07,0.08,0.25,0.04
North_EastBalkans:Romania_Nw,17.07,15.18,18.02,13.43,12.11,7.48,12.84,1.27,0.27,0.46,1.21,0.31,0.34,0.02,0.00
North_EastBalkans:Romania_Se,17.84,12.38,15.14,11.64,15.21,7.88,14.22,2.06,1.27,0.21,1.00,0.64,0.29,0.23,0.00
North_EastBalkans:Romania_South,16.57,13.97,16.17,8.97,13.72,11.44,15.14,2.36,0.15,0.55,0.25,0.54,0.16,0.00,0.05
North_EastBalkans:Romania_Sw,16.69,14.59,17.91,8.98,13.57,9.89,14.00,2.04,0.58,0.00,1.08,0.29,0.40,0.00,0.00
North_EastBalkans:Moldavian,18.50,13.40,21.14,15.16,10.88,8.55,7.43,1.48,1.10,0.24,0.56,0.56,0.61,0.08,0.31
North_EastBalkans:Gagauz,13.85,12.01,15.31,9.84,13.82,12.36,18.58,2.86,0.29,0.13,0.19,0.24,0.47,0.04,0.00
North_Italy:Italy_Aostavalley,26.62,25.03,7.48,4.39,17.71,6.75,9.38,1.80,0.00,0.02,0.17,0.19,0.14,0.15,0.16
North_Italy:Italy_Piedmont,21.38,25.13,7.86,4.01,19.32,6.70,12.69,2.19,0.11,0.01,0.06,0.12,0.24,0.13,0.03
North_Italy:Italy_Trentino,21.92,21.72,11.28,5.55,18.46,5.83,13.09,1.32,0.00,0.03,0.11,0.16,0.47,0.06,0.00
North_Italy:Italy_Liguria,18.23,21.71,6.84,3.24,20.21,7.98,17.82,3.03,0.11,0.17,0.07,0.23,0.24,0.03,0.08
North_Italy:Italy_Lombardy,21.50,22.45,6.34,2.73,20.71,6.38,16.91,2.27,0.11,0.21,0.08,0.06,0.16,0.07,0.00
North_Italy:Italy_Veneto,21.07,21.37,8.50,5.45,18.65,7.15,14.69,2.42,0.14,0.18,0.05,0.08,0.15,0.09,0.00
Central_Italy:Italy_Emiliaromagna,17.94,19.13,7.04,3.17,20.08,8.91,19.65,3.29,0.03,0.12,0.00,0.04,0.29,0.15,0.02
Central_Italy:Italy_Marche,15.34,17.26,5.97,2.22,19.56,11.73,22.54,4.32,0.21,0.10,0.00,0.37,0.10,0.27,0.07
Central_Italy:Italy_Tuscany,17.25,20.05,6.52,2.79,20.41,9.07,19.20,3.54,0.57,0.25,0.02,0.06,0.14,0.08,0.02
South_Italy:Italy_Abruzzo,11.25,15.03,6.36,2.91,16.39,15.65,26.38,5.48,0.00,0.08,0.00,0.00,0.23,0.17,0.07
South_Italy:Italy_Apulia,9.50,14.93,6.66,2.94,17.44,14.90,27.24,4.99,0.03,0.05,0.00,0.18,0.58,0.55,0.01
South_Italy:Italy_Calabria,8.07,12.92,4.55,1.98,17.48,15.12,31.66,6.46,0.13,0.11,0.04,0.09,0.36,0.97,0.07
South_Italy:Italy_Campania,8.83,15.10,5.33,2.06,18.31,14.96,29.68,5.57,0.12,0.14,0.04,0.06,0.13,0.56,0.08
South_Italy:Italy_Lazio,15.18,17.36,7.06,2.43,19.99,9.92,23.83,3.74,0.07,0.14,0.03,0.10,0.03,0.05,0.09
Sicily:Sicily_Palermo,9.2,14.08,4.66,1.91,18.3,14.52,28.64,5.94,0.23,0.22,0.05,0.12,0.24,1.16,0.73
Sicily:Sicily_Ragusa,11.12,12.93,4.73,2.63,17.95,13.97,27.54,6.07,0.21,0.04,0.37,0.07,0.17,1.19,1.02
Sicily:Sicily_Syracuse,11,15.57,4.67,2.10,18.30,13.89,27.23,4.66,0.16,0.31,0.18,0,0.23,0.95,0.75
Sicily:Sicily_Enna,7.39,16.93,4.77,1.83,18.16,12.71,29.27,6.38,0.3,0.15,0.02,0,0.39,1.10,0.59
Sicily:Sicily_Caltanisetta,9.17,14.82,4.89,1.43,18.03,14.07,28.22,6.64,0.12,0.12,0.15,0.08,0.37,1.51,0.38
Sicily:Sicily_Trapani,11.70,14.05,4.75,1.88,18.94,13.03,27.77,5.58,0.30,0.25,0.09,0.03,0.11,1.09,0.39
Sicily:Sicily_Messina,8.21,12.78,4.16,1.84,18.56,14.77,30.57,6.29,0.14,0.15,0.11,0.05,0.30,1.39,0.28
Sicily:Sicily_Catania,8.42,14.04,4.03,1.89,18.05,14.97,30.16,5.57,0.26,0.26,0.03,0.15,0.23,1.42,0.49
Sicily:Sicily_Agrigento,9.18,13.12,5.12,1.76,18.22,13.22,30.11,5.65,0.81,0.04,0.15,0.24,0.21,1.32,0.85
Corsica:France_Corsica,13.78,21.54,5.02,1.26,24.13,8.14,22.27,3.14,0.01,0.27,0.07,0.04,0.26,0.06,0.01
East_Iberian:Spanish_Cataluna,21.75,29.63,6.92,4.00,20.70,3.10,9.73,1.88,0.48,0.36,0.06,0.03,0.29,0.56,0.50
East_Iberian:Spanish_Murcia,19.87,29.93,4.85,3.06,20.83,2.52,11.69,3.13,0.27,0.61,0.39,0.50,0.12,1.57,0.67
East_Iberian:Spanish_Valencia,17.55,32.77,6.17,3.66,21.94,2.78,10.99,1.90,0.63,0.12,0.04,0.21,0.33,0.45,0.45
West_Iberian:Spanish_Andalucia,15.69,31.45,5.58,2.99,23.21,3.99,11.30,2.49,0.48,0.18,0.46,0.04,0.31,1.32,0.52
West_Iberian:Spanish_Aragon,18.12,35.04,5.17,2.95,23.35,2.00,8.96,2.85,0.27,0.15,0.16,0.22,0.21,0.47,0.08
West_Iberian:Spanish_Castilla_La_Mancha,17.84,33.09,4.72,3.46,22.53,3.48,9.32,3.19,0.30,0.11,0.08,0.13,0.06,1.40,0.28
West_Iberian:Spanish_Castilla_Y_Leon,20.52,29.84,7.19,2.38,20.82,2.77,9.35,3.61,0.16,0.24,0.07,0.16,0.13,1.92,0.84
West_Iberian:Spanish_Extremadura,19.86,28.49,4.72,3.60,21.52,3.09,10.75,4.67,0.39,0.01,0.01,0.36,0.10,1.48,0.95
West_Iberian:Portuguese,21.61,26.61,5.71,3.71,21.63,2.65,10.21,3.55,0.45,0.13,0.15,0.28,0.41,2.06,0.85
North_Iberian:Spanish_Cantabria,19.95,32.02,5.93,4.22,23.95,2.17,6.59,2.68,0.31,0.04,0.07,0.26,0.30,0.91,0.61
North_Iberian:Spanish_Galicia,23.22,24.88,6.54,3.91,21.78,2.42,8.93,4.48,0.88,0.19,0.13,0.12,0.03,1.52,0.96
North_Iberian:French_Southwest,20.30,39.32,4.81,2.49,24.29,0.77,4.44,1.91,0.45,0.30,0.23,0.20,0.21,0.17,0.13
North_Iberian:French_Basque,16.85,45.40,4.79,2.82,25.04,0.83,2.74,0.73,0.13,0.28,0.04,0.03,0.10,0.17,0.04
French_Mediteranean:French_Provence,21.75,23.86,7.06,4.44,18.01,6.15,14.55,2.44,0.32,0.13,0.18,0.25,0.24,0.47,0.16
North_&_CentralFrench:French_Central,27.38,27.39,8.88,6.00,16.19,3.96,6.85,1.54,0.33,0.16,0.21,0.29,0.25,0.37,0.19
North_&_CentralFrench:French_Alsace,28.49,24.36,12.31,7.12,12.76,5.91,6.23,1.50,0.20,0.31,0.14,0.20,0.14,0.13,0.19
North_&_CentralFrench:French_Brittany,33.63,28.77,9.43,8.78,10.92,3.51,2.23,0.79,0.81,0.15,0.14,0.39,0.18,0.15,0.12
North_&_CentralFrench:French_North-East,30.06,25.90,9.94,7.14,13.16,4.86,5.19,1.51,0.65,0.21,0.22,0.33,0.20,0.26,0.38
British_Islanders:English_Midlands,36.16,27.81,10.01,8.85,9.63,3.78,1.42,0.47,0.67,0.05,0.07,0.26,0.24,0.20,0.14
British_Islanders:English_North,36.52,28.45,10.31,8.90,9.06,3.62,0.98,0.43,0.66,0.03,0.10,0.34,0.25,0.16,0.11
British_Islanders:English_Southeast,35.58,27.60,10.38,8.44,9.73,3.98,1.91,0.55,0.70,0.08,0.10,0.37,0.25,0.15,0.10
British_Islanders:English_Southwest,36.27,28.18,9.87,8.69,10.24,3.27,1.29,0.47,0.71,0.04,0.08,0.34,0.29,0.10,0.08
British_Islanders:Irish_Connacht,37.57,30.18,9.18,9.34,7.35,3.93,0.14,0.11,1.09,0.03,0.10,0.62,0.11,0.10,0.08
British_Islanders:Irish_Leinster,36.39,30.24,9.49,8.94,8.08,4.34,0.30,0.40,0.75,0.16,0.00,0.44,0.18,0.11,0.10
British_Islanders:Irish_Munster,37.02,30.48,9.63,8.51,7.64,4.38,0.16,0.18,0.90,0.05,0.14,0.50,0.16,0.07,0.10
British_Islanders:Irish_Ulster,36.93,30.83,9.29,8.56,7.61,4.34,0.04,0.29,1.07,0.05,0.17,0.54,0.13,0.04,0.04
British_Islanders:Welsh,36.46,28.89,9.84,8.67,9.27,4.12,0.71,0.37,0.60,0.06,0.14,0.32,0.22,0.2,0.08
North_BritishIslanders:Scottish,36.68,29.76,9.38,9.26,8.07,4.18,0.55,0.38,0.89,0.05,0.10,0.37,0.13,0.09,0.02
North_BritishIslanders:Orcadian,39.61,29.01,8.61,8.08,7.37,3.67,0.65,0.23,1.05,0.05,0.45,0.24,0.42,0.06,0.52
North_BritishIslanders:West_Scottish,37.33,30.46,10.34,8.90,6.70,3.07,1.17,0.67,0.54,0.05,0.17,0.39,0.11,0.06,0.05
Benelux:Dutch_Central,37.04,26.51,11.05,9.20,7.78,3.09,1.82,0.95,0.67,0.30,0.25,0.49,0.35,0.20,0.24
Benelux:Dutch_North,40.33,24.45,10.84,9.65,7.80,2.60,1.12,0.41,0.68,0.21,0.36,0.45,0.37,0.24,0.42
Benelux:Dutch_South,33.45,25.88,10.31,8.57,11.28,3.70,3.23,1.13,0.71,0.24,0.33,0.39,0.21,0.27,0.23
Benelux:Belgian,32.55,25.96,10.23,8.01,11.61,4.03,4.54,1.08,0.78,0.05,0.03,0.32,0.23,0.42,0.09
Germany:West_German,34.00,21.84,10.46,8.06,11.13,5.00,6.33,1.02,0.73,0.11,0.18,0.35,0.36,0.31,0.12
Germany:German_Bavarian,28.38,26.11,11.62,8.33,11.51,6.15,6.01,0.76,0.10,0.21,0.10,0.23,0.30,0.13,0.05
Germany:East_German,26.64,21.71,18.07,13.28,10.36,5.16,2.80,1.02,0.57,0.02,0.05,0.15,0.02,0.09,0.04
Germany:North_German,33.08,27.46,13.41,9.95,6.11,5.24,2.50,0.70,0.83,0.02,0.08,0.22,0.14,0.19,0.08
West_CentralEurope:Swiss_German,29.02,24.29,11.25,7.06,13.51,5.61,7.40,1.10,0.15,0.01,0.10,0.21,0.17,0.07,0.04
West_CentralEurope:Austrian,20.59,23.17,18.31,13.24,8.86,6.16,7.21,1.25,0.73,0.03,0.12,0.04,0.13,0.11,0.04
West_CentralEurope:Austria-Burgenland,27.63,20.42,15.58,12.08,9.89,5.91,5.45,0.69,0.63,0.01,0.05,0.86,0.34,0.27,0.19
West_CentralEurope:Austria-Tyrol,25.37,22.36,10.49,8.78,13.81,8.06,8.11,1.89,0.10,0.17,0.28,0.28,0.16,0.10,0.06
East_CentralEurope:Czech,23.49,20.03,22.22,13.99,9.20,4.59,3.88,1.05,0.53,0.08,0.09,0.37,0.20,0.11,0.14
East_CentralEurope:Hungarian,24.08,17.29,20.04,12.73,9.49,5.87,7.04,1.23,0.72,0.13,0.38,0.68,0.08,0.21,0.04
East_CentralEurope:Polish,21.75,18.55,28.01,19.90,5.58,2.87,1.44,0.67,0.34,0.00,0.00,0.29,0.05,0.30,0.24
East_CentralEurope:Polish_Masuria,26.43,16.68,25.57,20.08,6.72,1.68,0.33,0.68,0.74,0.04,0.22,0.19,0.19,0.20,0.24
East_CentralEurope:Polish_Kielce,22.19,16.32,28.41,19.86,6.10,3.84,1.17,0.65,0.82,0,0,0.21,0.19,0.20,0.02
East_CentralEurope:Slovak,23.7769230769,15.9630769231,23.2923076923,15.5815384615,8.88,4.7307692308,4.6392307692,0.9423076923,0.8,0.1653846154,0.1123076923,0.4746153846,0.3623076923,0.1638461538,0.1207692308
Baltic:Estonian,26.23,16.33,30.12,20.68,1.83,0.56,0.01,0.00,0.53,0.02,2.13,1.09,0.46,0.00,0.00
Baltic:Estonian_Polish,18.34,17.71,31.21,22.50,4.43,2.06,0.85,1.02,0.75,0.10,0.36,0.35,0.16,0.13,0.03
Baltic:Latvian,20.7616666667,14.11,37.7383333333,23.9633333333,1.7383333333,0.1883333333,0,0.2,0.1983333333,0.0033333333,0.275,0.4133333333,0.16,0.2133333333,0.0583333333
Baltic:Lithuanian,20.15,15.72,36.36,21.18,2.50,1.63,0.61,0.34,0.61,0.06,0.13,0.36,0.19,0.11,0.06
East_European:RU_Pinega,20.512,13.654,25.518,23.846,3.358,1.502,2.076,0.322,0.642,0.116,6.86,1.342,0.144,0.046,0
East_European:Russian_Smolensk,18.01,18.20,29.95,20.42,4.42,4.38,2.03,0.77,0.83,0.03,0.35,0.26,0.17,0.12,0.06
East_European:Southwest_Russian,18.45,15.40,29.69,22.51,3.45,4.85,2.54,0.39,0.54,0.10,0.83,0.60,0.30,0.18,0.16
East_European:Ukrainian_Kiev_Avg,18.79,15.55,29.64,19.30,6.20,4.73,2.61,0.91,0.57,0.16,0.47,0.40,0.35,0.08,0.23
East_European:Ukrainian_Belgorod,17.90,15.05,29.66,22.16,3.76,6.41,2.58,0.64,0.68,0.21,0.21,0.31,0.12,0.14,0.17
East_European:Ukrainian_Lviv,22.18,13.92,27.35,16.68,7.54,4.90,3.14,1.44,0.97,0.25,0.54,0.54,0.45,0.04,0.05
East_European:Ukraine_East,18.08,13.38,31.97,22.31,6.69,2.68,1.10,0.14,1.86,0.29,0.40,0.42,0.36,0.20,0.12
East_European:Belorussian,19.33,17.63,32.02,21.25,3.39,2.48,1.80,0.89,0.48,0.08,0.21,0.10,0.17,0.10,0.06
Finland:Finnish,29.36,17.42,21.95,18.78,2.49,1.06,0.36,0.14,0.57,0.90,5.30,0.91,0.52,0.14,0.10
Finland:East_Finnish,25.20,15.64,21.87,23.75,2.22,0.76,0.19,0.20,1.02,0.66,7.08,0.73,0.56,0.03,0.08
Finland:Southwest_Finnish,29.33,21.56,20.50,17.93,3.52,1.00,0.45,0.18,0.48,0.14,3.66,1.01,0.18,0.04,0.03
Scandinavia:Danish,39.23,25.55,13.14,10.31,5.77,2.83,0.81,0.31,0.76,0.18,0.01,0.59,0.17,0.18,0.14
Scandinavia:North_Swedish,36.66,21.00,15.78,15.37,4.02,1.35,0.68,0.34,0.69,0.55,2.21,0.64,0.62,0.07,0.03
Scandinavia:Norwegian,39.73,23.47,13.26,11.48,6.36,2.24,0.80,0.14,0.81,0.08,0.50,0.72,0.32,0.06,0.04
Scandinavia:Norway,39.19,23.96,13.30,11.79,6.40,2.39,0.24,0.07,0.47,0.05,1.08,0.58,0.25,0.17,0.06
Scandinavia:North_Swedish,37.45,23.37,14.64,13.68,6.12,1.22,0.23,0.11,0.75,0.18,0.91,0.78,0.43,0.02,0.11
Scandinavia:Aland_Sweden,32.07,22.77,18.94,17.59,4.27,0.00,0.03,0.00,1.25,0.04,1.91,0.78,0.34,0.00,0.00
Scandinavia:Swedish,38.75,24.05,14.44,11.79,5.64,2.45,0.29,0.27,0.74,0.11,0.43,0.55,0.29,0.08,0.11
Scandinavia:West_Norwegian,42.41,24.22,12.26,10.67,6.09,2.26,0.63,0.08,0.13,0.23,0.40,0.57,0.03,0.00,0.00
European_Jewish:Ashkenazi,9.89,10.70,6.74,5.17,14.82,13.05,26.61,8.07,1.20,0.60,0.58,0.32,0.24,1.63,0.39
European_Jewish:Italian_Jewish,8.10,12.62,2.23,1.13,17.84,12.08,33.85,8.25,0.07,0.65,0.21,0.08,0.75,2.14,0.01
European_Jewish:Polish_Jew,9.927,13.02,6.126,4.734,13.929,14.591,25.05,8.375,0.206,1.044,0.549,0.167,0.269,1.838,0.172
European_Jewish:Sephardic_Jewish,5.29,14.02,2.36,1.42,16.21,13.51,33.88,9.68,0.74,0.27,0.38,0.00,0.24,1.56,0.43
North_Caucasus:Abhkasian,3.11,3.01,3.08,2.89,4.25,57.83,18.64,2.36,2.62,0.73,0.81,0.27,0.24,0.11,0.06
North_Caucasus:Adygei,5.33,5.84,6.82,7.85,2.64,48.75,13.72,2.27,3.01,0.86,2.01,0.64,0.09,0.11,0.05
North_Caucasus:Balkar,5.21,5.55,6.31,7.52,4.29,46.93,10.93,1.38,2.66,2.69,4.98,0.86,0.39,0.14,0.16
North_Caucasus:Chechen,9.62,5.63,6.53,10.7,0.39,47.61,9.97,1.08,4.17,0.73,1.26,1.15,0.81,0.22,0.13
North_Caucasus:Kabardin,5.55,6.25,7.36,8.61,2.96,46.11,11.08,1.66,2.91,1.7,4.77,0.6,0.1,0,0.34
North_Caucasus:Kumyk,8.63,5.88,4.52,11.73,1.29,44.23,12.43,0.73,3.13,1.36,4.85,0.73,0.24,0.2,0.05
North_Caucasus:Nogay,6.77,6.39,6.21,9.43,3.35,30.63,7.53,0.99,3.43,8.58,14.39,1.28,0.46,0.38,0.18
North_Caucasus:North_Ossetian,5.32,6.18,8.13,5.15,2.33,51.03,11.04,1.57,2.31,1.63,4.18,0.72,0.19,0.14,0.08
North_Caucasus:Lezgin,11.38,3.29,5.12,13.52,0,44.7,13.37,0.78,5.88,0.11,0.55,0.91,0.16,0.05,0.18
North_Caucasus:Ossetian,6.87,5.42,3.30,5.87,3.90,50.53,11.77,2.12,3.36,2.20,4.00,0.41,0.12,0.13,0.01
North_Caucasus:Tabassaran,14.14,3.79,3.82,14.95,0.04,43.12,10.94,0.33,6.16,0.03,0.65,1.65,0.02,0.02,0.34
South_Caucasus:Armenian_West,2.77,2.49,1.74,3.3,9.67,35.84,35.69,5.68,2.26,0.07,0.11,0.19,0.17,0,0.02
South_Caucasus:Armenian_East,3.4,4.09,1.87,2.77,7.23,38.5,32.99,5.85,2.92,0,0.1,0.08,0.12,0.03,0.05
South_Caucasus:Azerbaijani,3.47,3.54,2,6.28,4.04,33.46,28.85,4.88,7.37,1.71,2.96,0.62,0.13,0.55,0.14
South_Caucasus:Azeri_Dagestan,6.51,3.91,4.23,10.29,1.36,40.84,21.57,1.4,6.51,0.56,1.57,0.95,0.03,0.07,0.2
South_Caucasus:Azerbaijani_Iran,3.61,2.35,2.26,6.40,4.39,32.91,28.60,4.52,8.17,2.27,2.95,0.69,0.16,0.32,0.34
South_Caucasus:Georgian,4.68,3.90,3.69,3.27,4.64,53.84,19.63,3.24,2.12,0.16,0.23,0.34,0.08,0.13,0.05
Anatolia:Turkish_Adana,5.23,5.24,2.81,4.6,8.1,26.29,29.68,7.05,4.29,0.96,3.66,0.37,0.36,0.98,0.38
Anatolia:Turkish_Aydin,5.6,5.29,6.76,5.09,8.5,24.88,24.03,3.96,1.75,3.9,7.99,0.98,0.44,0.69,0.14
Anatolia:Turkish_Balikesir,8.79,6.4,3.95,6.54,9.57,22.99,21.7,3.09,3.63,3.29,8.46,0.33,0.56,0.3,0.4
Anatolia:Turkish_East,2.4,5.66,2.1,2.88,6.85,40.55,30.7,4.16,3.35,0.11,0.66,0.34,0.17,0.03,0.04
Anatolia:Turkish_Kayseri,2.9,5.08,2.72,5.82,8.97,29.8,29.53,4.91,3.8,1.84,3.36,0.5,0.29,0.34,0.14
Anatolia:Turkish_Trabzon,1.16,4.41,1.92,0.9,9.21,43.89,33.53,3.76,0.75,0.11,0.02,0.04,0.27,0,0.03
Anatolia:Turkish_Anatolia,3.25,7.28,2.98,4.13,7.79,29.40,28.81,5.62,4.36,2.02,3.28,0.32,0.42,0.30,0.03
Anatolia:Greek_Trabzon,2.8,3.56,2.23,2.09,10.93,38.24,34.72,4.05,0.87,0.08,0.19,0.04,0.17,0,0.03
North_Levant:Lebanese_Christian,1.21,4.18,1.26,0.63,11.53,21.37,46.73,10.66,0.7,0.24,0,0.03,0.26,1.2,0
North_Levant:Lebanese_Druze,3.47,3.98,1.43,1.52,7.87,19.12,50.08,9.23,1.53,0.21,0.23,0.04,0.35,0.71,0.23
North_Levant:Lebanese_Muslim,2.43,5.62,2.09,1.22,9.76,22.26,39.85,10.71,2.10,0.12,0.09,0.04,0.54,2.33,0.83
North_Levant:Cypriot,1.62,5.28,3.93,0.33,17.7,20.13,45.02,5.01,0.06,0.08,0.09,0.01,0.29,0.31,0.14
North_Levant:Syrian,3.1,4.72,1.81,1.6,7.92,19.93,37.09,13.2,2.48,0.36,0.2,0.11,0.41,4.9,2.17
South_Levant:Palestinian,1.51,5.44,0.63,0.04,10.05,17.54,44.11,15.91,0.85,0.62,0.12,0.06,0.08,3,0.04
South_Levant:Samaritan,0,5.29,0.66,0,12.08,16.67,46.12,15.8,0.19,0.15,0,0.02,0.17,2.85,0
South_Levant:Jordanian,1.68,1.98,1.55,1.91,5.74,12.16,51.35,13.85,1.42,0.54,0.46,0.12,0.3,4.54,2.4
Arabia:Saudi,0.59,0.82,0.31,0.66,4.75,8.31,44.04,34.07,1.42,0.21,0.11,0.10,0.17,4.14,0.31
Arabia:Bedouin,1.51,2.90,1.66,1.20,7.74,13.01,38.46,21.03,1.61,0.20,0.41,0.28,0.23,6.95,2.82
Persia:Iranian_Bandari,1.78,1.31,1.4,8.3,0.18,32.18,20.9,3.91,22.34,0,0,0.38,0.18,1.86,5.28
Persia:Iranian_Lur,0.66,1.38,2,7.03,2.65,34.5,32.28,6.67,10.46,0.12,0.92,0.29,0.17,0.15,0.72
Persia:Iranian_Mazandarani,1.18,1.09,0.56,9.32,0.59,37.46,31.63,3.66,11.57,0.04,0.97,0.49,0.37,0.36,0.71
Persia:Iranian_Persian,4.07,0.35,1.22,7.61,1.15,33.42,29.19,6.35,12.55,0.47,0.82,0.84,0.44,0.42,1.1
Mesopotamia:Assyrian,2.07,2.56,1.17,2.33,8.03,30.86,40.41,8.76,3.07,0.08,0.03,0.07,0.16,0.36,0.03
Mesopotamia:Kurd,4.15,1.47,0.55,7.07,1.72,38.5,34.1,3.68,6.92,0.18,0.57,0.43,0.16,0.18,0.34
West_Asian_Jewish:Kurdish_Jew,1.31,0.63,0.02,2.92,6.98,27.83,45.09,10.52,3.66,0.32,0.1,0.05,0.2,0.37,0
West_Asian_Jewish:Iranian_Jew,0.39,2.21,1.06,1.88,3.66,27.85,49.01,8.04,4.66,0.14,0.27,0.08,0.16,0.48,0.11
West_Asian_Jewish:Iraqi_Jew,0.42,1.04,0.33,0.96,3.55,26.66,55.6,8.19,2.6,0.11,0,0.08,0.25,0.21,0
West_Asian_Jewish:Georgian_Jew,2.49,2.62,1.11,2.93,6.89,32,38.44,8.3,4.32,0.2,0.05,0.17,0.11,0.32,0.05
West_Asian_Jewish:Yemenite_Jewish,0.27,1.05,0.16,0.11,4.40,5.41,54.12,27.46,0.48,0.06,0.10,0.08,0.18,6.11,0.01
Egyptian:Egyptian,0.90,3.78,0.69,0.28,9.89,7.14,39.22,18.38,0.24,0.13,0.20,0.06,0.16,12.85,6.09
North_African:Algerian,4.18,8.75,0.98,0.51,21.32,0.93,25.13,15.47,0.20,0.24,0.04,0.12,0.18,11.84,10.12
North_African:Moroccan,2.23,9.50,0.52,0.43,24.21,0.21,22.46,17.47,0.04,0.41,0.04,0.03,0.16,13.79,8.49
North_African:Mozabite_Berber,1.20,11.89,0.42,0.20,23.64,0.24,22.64,15.62,0.02,0.25,0.04,0.01,0.07,12.15,11.62
North_African:Tunisian,0.94,11.73,1.47,0.06,20.07,1.69,27.17,15.05,0.00,0.17,0.29,0.00,0.34,10.52,10.48
North_African_Jewish:Algerian_Jewish,5.28,12.72,2.56,1.35,18.76,10.72,34.79,8.15,0.53,0.36,0.21,0.00,0.37,2.39,1.81
North_African_Jewish:Libyan_Jewish,8.07,6.36,0.95,0.20,16.55,10.89,37.89,10.89,0.60,0.01,0.00,0.33,0.49,5.95,0.83
North_African_Jewish:Tunisian_Jewish,3.45,12.09,1.83,0.10,15.16,12.85,37.53,10.56,0.15,0.26,0.28,0.02,0.51,4.48,0.74
Bantu_N.E.,0.06,0.06,0.07,0.08,0.08,0.09,0.15,0.34,0.14,0.22,0.13,0.17,0.12,23.89,74.40
Bantu_S.E.,0.02,0.02,0.01,0.03,0.01,0.03,0.02,0.03,0.06,0.07,0.06,0.03,0.09,13.60,85.92
Bantu_S.W.,0.03,0.04,0.03,0.03,0.03,0.04,0.04,0.06,0.06,0.06,0.06,0.04,0.14,11.83,87.51
Biaka_Pygmy,0.00,0.00,0.00,0.00,0.00,0.00,0.00,0.00,0.01,0.01,0.01,0.01,0.08,18.63,81.25
Karitiana,0.01,0.00,0.01,0.01,0.00,0.01,0.00,0.00,0.03,0.20,0.17,99.55,0.01,0.00,0.00
North_Amerindian,0.27,0.09,0.30,2.27,0.01,0.07,0.01,0.07,1.70,5.08,20.17,69.80,0.11,0.03,0.02
Mayan,1.21,1.42,0.52,1.21,2.75,0.30,0.37,0.33,0.26,1.27,2.19,85.92,0.28,0.48,1.49</div>

    </div>
    <div id="vahaduoBtnContainer">
        <button id="vahaduoBtn">Go to Vahaduo oracle (original)</button>
        <button id="vahaduo2wayBtn">Vahaduo oracle (2-way)</button>
    </div>
</body>
</html>